  1114831

     8916     4100      576     1503      564      501
      542      477      561      496      540     1533
      539      501      540      484      561      497
      539      492      555      491      560      491
      556      484      561     1532      563      483
      562      497      539      488      544      496
      541      496      555     1523      543     1545
      540      483      559     1532      539      497
      539     1541      538      505      539      496
      540      492      559      495      544  1321745

     8950     4113      543     1527      558      505
      540      492      544      493      544     1514
      563      487      549      491      545      479
      578      477      560      501      539      492
      562      501      544     1520      566      500
      545      491      541      496      540      511
      526     1527      544      492      545      480
      561      496      540     1529      543      493
      539     1548      526      492      544      501
      543      480      561     1533      540   449341

     8936     4099      566     1506      558      500
      539      498      540      496      540     1529
      543      492      546      500      539      483
      562      498      549      491      534      510
      540      496      540     1536      540      505
      540      505      540      492      558      501
      559     1518      561      497      540     1523
      561      484      562     1511      566      505
      540     1546      549      490      562      484
      557     1541      558      492      557   386220

     8898     4118      565     1507      566      479
      561      512      525      492      557     1541
      536      488      561      492      540      496
      541      505      540      488      561      505
      554      479      556     1541      551      490
      557      482      564      482      562      494
      538     1541      541     1551      526      504
      541      495      540     1537      539      485
      560     1526      549      483      558      505
      540     1524      561     1537      544   447557

     8861     4174      580     1502      562      496
      540      493      545      478      563     1531
      540      491      545      501      544      479
      562      483      558      488      561      492
      540      497      549     1544      540      484
      562      495      540      489      577      480
      542     1530      562     1528      545     1527
      544      476      565     1537      544      483
      558     1519      561      515      525     1539
      544      492      561      480      562   468266

     8945     4131      565     1532      544      479
      587      468      544      499      545     1524
      562      496      540      500      541      491
      562      492      555      508      539      492
      571      484      539     1537      544      492
      544      492      540      494      543     1537
      544      491      545      513      528      496
      539      484      561     1533      544      505
      540     1536      544      501      540     1533
      549      500      537     1545      539   427651

     8930     4111      587     1498      562      505
      539      492      544      504      541     1525
      543      501      545      478      562      505
      540      492      544      501      548      489
      540      496      540     1534      540      501
      540      496      539      505      540     1512
      566      495      541      491      562     1542
      544      496      540     1532      545      496
      540     1528      544      502      539     1547
      528     1509      566      496      541   447590

     8900     4110      561     1501      571      480
      560      492      561      480      577     1510
      565      502      538      512      525      482
      563      484      557      504      541      482
      563      493      543     1561      525      487
      562      504      540      496      540     1517
      564      492      540     1537      541      497
      543      483      558     1524      565      493
      540     1537      544      492      545     1545
      540     1516      561     1541      541   446446

     8900     4124      566     1506      565      497
      545      491      563      500      543     1520
      568      477      566      492      544      479
      563      493      542      487      566      479
      557      499      559     1534      552      493
      543      492      544      501      540     1538
      543      483      561     1515      561     1546
      528      487      561     1534      549      492
      543     1515      562     1528      545      502
      542      492      536      501      540   468588

     8915     4110      569     1507      561      504
      541      487      562      504      543     1522
      562      483      561      498      539      479
      561      497      540      492      561      480
      562      491      561     1525      563      496
      538      493      544      500      540     1538
      544     1533      561      496      554      488
      539      497      541     1545      540      497
      540     1537      544     1525      561      506
      548      502      538     1520      567   447364

     8857     4168      582     1494      566      496
      540      496      540      483      562     1525
      544      497      539      492      541      496
      544      491      540      505      541      492
      562      500      540     1539      551      501
      536      500      540      496      540     1528
      544     1537      540      497      539     1512
      567      496      539     1554      541      484
      560     1529      540     1533      554      479
      543     1529      540      504      540   425803

     8948     4141      545     1502      562      506
      540      486      563      505      539     1527
      560      496      539      493      543      501
      544      480      561      497      539      488
      563      495      540     1528      558      479
      544      493      535      510      539     1537
      540     1534      539     1528      544      500
      534      503      539     1520      562      492
      545     1527      540     1534      548      492
      558     1512      560     1543      544   550048

     8963     4098      574     1528      544      492
      544      479      562      496      540     1533
      549      478      562      496      541      496
      540      483      562      493      537      499
      538      484      558     1559      539      496
      541      482      563      499      541     1523
      566     1534      544     1536      544     1529
      540      504      541     1510      566      485
      574     1524      540     1554      544     1546
      535      488      561      492      541