  2416220

     8948     4149      536     1512      561      505
      540      483      557      496      541     1528
      545      496      549      487      561      497
      539      484      557      497      540      484
      561      500      545     1532      545      486
      559      501      545      480      559      493
      561      485      556     1520      557     1521
      560      483      577     1514      543      492
      540      496      542     1527      544     1525
      561     1534      549     1535      540   926033

     8904     4135      551     1505      567      478
      563      495      540      492      558     1541
      541      496      550      499      540      505
      539      484      558      496      540      501
      544      483      562     1529      539      497
      553      489      543      493      539      484
      558     1542      539      482      562      501
      545      493      538     1538      547      481
      554      508      539      485      563      482
      558      483      561      497      541   388957

     8924     4132      525     1545      559      481
      568      484      540      492      562     1538
      539      483      560      504      539      506
      540      483      557      496      544      503
      539      484      557     1529      545      491
      544      501      541      497      540      484
      557     1546      537      483      560     1540
      540      496      539     1546      542      491
      561      500      542      495      536      502
      539      492      540     1555      544  1920628

     8903     4149      575     1517      541      504
      540      483      558      496      540     1540
      542      484      556      496      540      484
      570      484      543      501      540      496
      541      494      560     1545      539      497
      540      491      545      500      541      490
      555     1530      543     1545      539      501
      545      483      557     1545      544      485
      566      488      538      484      562      496
      540     1516      561      496      541   720178

     8938     4116      581     1519      540      483
      561      488      549      500      540     1524
      566      492      540      505      540      505
      549      487      571      495      540      488
      562      496      539     1537      545      491
      540      496      540      498      536      501
      538     1537      540     1545      544     1515
      562      481      565     1536      540      507
      540      482      562      492      558      483
      561     1529      566     1519      561   884833

     8916     4152      577     1502      535      562
      510      484      560      492      514     1559
      540      496      515      525      515      522
      541      500      544      492      532      543
      527      492      562     1524      562      492
      544      493      539      483      562     1539
      543      478      575      484      540      483
      561      501      541     1529      544      483
      536      517      515      522      539     1520
      562      501      517      502      566   888464

     8899     4128      562     1502      540      509
      535      519      513      519      535     1570
      504      504      536      522      527      497
      535      518      513      532      514      522
      514      518      532     1585      505      517
      511      526      513      531      514     1546
      536      513      536      509      537     1567
      519      508      537     1553      513      510
      536      526      519      509      531     1559
      522      526      519     1552      534   844202

     8927     4132      537     1551      512      527
      518      509      562      502      512     1555
      561      480      536      530      540      484
      533      523      513      523      539      496
      515      519      517     1563      513      510
      536      557      485      530      540     1539
      521      519      546     1531      535      509
      535      516      521     1555      513      523
      557      479      515      517      518     1576
      528     1563      513      510      535   719048

     8938     4115      576     1505      556      501
      544      492      545      477      563     1542
      513      528      509      526      514      510
      534      510      532      532      513      509
      537      516      514     1577      511      517
      538      527      515      524      512     1548
      529      523      512     1566      513     1574
      507      522      530     1566      509      525
      515      506      536      523      513     1559
      512     1573      516     1561      508   863863

     8907     4117      562     1505      535      508
      582      473      545      486      562     1535
      538      484      535      518      514      510
      561      492      542      504      514      522
      541      492      561     1545      540      496
      541      491      518      527      538     1523
      561     1548      547      483      532      531
      539      483      562     1525      519      510
      534      527      518     1551      550      503
      514      531      514      518      561   741424

     8905     4110      544     1532      563      503
      540      488      559      508      539     1542
      552      496      540      505      540      483
      562      479      562      495      541      500
      544      492      539     1543      540      502
      543      500      541      492      562     1541
      558     1506      559      484      557     1534
      538      496      537     1533      543      492
      544      500      543     1528      560      492
      540      504      537     1532      561   718908

     8931     4127      567     1521      544      500
      545      478      566      501      540     1524
      566      492      540      496      537      505
      543      481      562      496      540      493
      560      492      545     1523      544      531
      506      492      544      501      539     1552
      532     1528      538     1525      549      491
      544      492      545     1533      544      506
      531      492      545     1529      547      501
      544     1525      561      493      540   884642

     8941     4121      566     1516      549      499
      545      479      575      488      543     1524
      562      493      543      488      549      500
      545      479      562      493      543      488
      561      510      528     1528      540      496
      544      492      540      505      539     1537
      545     1527      553     1512      548     1537
      544      491      540     1520      561      484
      561      504      528     1559      531      491
      558     1545      544     1516      561