  2114421

     8933     4100      568     1497      562      505
      540      492      544      492      544     1529
      540      497      539      501      544      480
      561      483      562      492      544      497
      545      497      553     1523      545      501
      538      506      540      487      563      504
      538      490      566     1532      545     1536
      550      483      561      479      562      497
      537      499      540     1532      562      501
      543     1538      550     1523      548   927462

     8925     4128      546     1501      561      497
      549      491      545      492      544     1537
      533      492      542      501      544      479
      610      436      561      492      544      501
      545      492      539     1550      532      500
      544      500      537      492      566      500
      540     1533      561      496      540      492
      562      492      558      475      562      500
      544      480      561     1537      544     1529
      539      497      540      492      545  1055210

     8900     4114      563     1507      555      494
      544      495      542      490      545     1528
      544      492      544      501      540      483
      561      479      562      496      541      501
      544      492      544     1537      540      500
      546      500      541      491      561      501
      544     1534      562      491      544     1525
      561      481      564      492      544      492
      540      492      562     1556      530     1516
      565      492      540     1536      545   906675

     8933     4111      556     1501      561      500
      544      493      563      473      541     1535
      545      491      545      501      543      501
      540      483      562      491      545      517
      528      502      548     1548      545      500
      545      487      567      477      563      491
      545     1536      544     1542      526      483
      561      493      544      492      544      488
      557      489      560     1523      562     1515
      567     1532      544      493      543   781462

     8919     4110      587     1519      545      492
      543      493      543      476      566     1528
      545      491      545      501      543      479
      562      483      575      466      563      495
      540      482      563     1544      545      479
      561      493      544      487      561      497
      538     1548      549     1528      546     1527
      545      478      561      499      538      483
      561      492      544     1546      550     1514
      561     1512      570     1541      544   821563

     8904     4122      562     1506      562      504
      546      486      563      500      544     1547
      542      483      560      492      545      478
      562      496      540      488      567      477
      562      492      562     1524      561      493
      543      490      543      504      540     1537
      544      480      561      483      562      491
      545      492      541      496      541      504
      540      482      561      501      544      500
      542      483      562      492      543   786150

     8937     4107      559     1498      566      500
      545      491      545      492      543     1533
      543      493      545      500      541      504
      539      483      562      493      544      501
      539      494      559     1550      544      498
      548      487      561      484      561     1528
      540      497      539      497      539     1526
      549      491      544      493      543      501
      540      492      563      490      544      479
      561      497      536     1536      550   929654

     8934     4102      564     1498      540      526
      539      497      540      495      556     1512
      519      519      539      505      540      484
      561      479      562      497      538      502
      544      494      539     1556      524      500
      545      499      519      514      561     1546
      541      482      558     1541      518      518
      537      503      545      501      544      494
      542      489      558      488      570      492
      541     1528      539      492      561   825375

     8901     4130      586     1515      549      491
      546      490      545      477      563     1533
      539      492      545      500      544      480
      561      497      548      483      554      500
      540      484      560     1546      540      484
      561      496      540      488      561     1547
      537      499      544     1515      562     1530
      543      478      562      501      544      483
      535      540      528      496      540      501
      543     1529      540     1516      564   803111

     8899     4124      568     1504      562      482
      563      492      534      505      562     1539
      547      505      539      496      540      485
      560      480      561      504      541      484
      534      518      537     1549      559      473
      561      505      540      496      540     1516
      562     1525      548      496      541      482
      557      484      562      500      545      493
      538      496      540      497      539     1533
      562      483      563      495      540   826106

     8924     4117      564     1514      546      500
      544      490      548      490      545     1515
      562      492      544      492      544      479
      566      487      579      485      543      488
      563      500      543     1525      562      501
      539      497      539      497      539     1530
      544     1533      544      494      543     1523
      562      490      547      500      540      496
      541      483      561      494      548     1553
      545      478      560     1529      560   844144

     8898     4121      565     1509      563      479
      560      497      540      491      563     1551
      527      483      561      493      518      518
      539      505      540      493      531      531
      539      492      561     1546      542      491
      561      484      556      484      562     1524
      545     1541      539     1517      560      493
      544      496      539      497      523      517
      540      505      541      484      560     1555
      539     1516      558      509      539  1173810

     8900     4118      562     1521      549      482
      561      490      548      486      563     1527
      546      478      562      495      540      483
      562      492      558      487      540      496
      540      493      562     1545      541      495
      540      492      544      501      536     1524
      563     1531      561     1515      565     1576
      493      504      540      496      542      482
      561      479      561      505      540     1515
      561     1516      566     1544      541  4306490

      265