  1573159

     8926     4134      559     1525      541      503
      537      487      561      501      540     1540
      550      491      540      497      539      505
      541      480      565      493      538      492
      562      491      546     1527      540      497
      539      497      540      497      548      492
      544      493      539     1541      540     1516
      561      518      522      487      563     1531
      562      487      562     1542      539     1525
      560      496      539     1528      559  1010442

     8925     4101      575     1527      544      493
      543      479      562      493      544     1536
      545      478      563      495      541      497
      539      483      535      519      514      522
      540      480      565     1554      540      496
      540      483      532      531      514      518
      558     1545      545      495      554      470
      561      487      563      483      562     1541
      518      510      561     1537      513     1587
      530     1515      535      509      562   427752

     8892     4143      561     1530      560      500
      540      484      563      496      538     1535
      544      483      561      496      539      484
      557      498      540      500      544      492
      544      485      566     1560      525      496
      540      496      540      501      545      479
      562     1525      548      496      541     1537
      549      491      545      491      515     1579
      518      520      518     1549      562     1559
      527     1515      536     1555      518   467259

     8902     4109      570     1506      539      505
      562      492      561      495      520     1546
      544      526      514      523      513      511
      565      479      535      525      514      510
      580      473      541     1550      513      518
      561      500      514      523      514      510
      562     1532      548     1515      565      489
      544      492      544      500      514     1559
      549      491      545      491      545      492
      519      512      562      494      543   533717

     8912     4134      570     1506      550      517
      540      483      535      520      513     1554
      545      501      518      514      561      497
      541      482      536      531      501      509
      536      526      519     1559      518      509
      536      526      515      508      536      518
      536     1563      519     1583      514     1555
      517      511      531      530      514     1560
      533      525      514      519      517      517
      519      517      515     1558      515   761025

     8947     4126      561     1506      532      534
      532      496      535      527      515     1550
      539      526      541      496      540      518
      528      475      540      529      540      483
      536      519      514     1581      513      533
      512      518      535      505      553     1538
      544      492      518      518      515      521
      515      531      515      517      514     1576
      540      492      545      492      518      504
      536     1572      514      529      552   533729

     8946     4125      566     1505      562      501
      546      477      576      483      540     1527
      543      495      513      523      514      522
      541      500      544      488      557      510
      539      492      530     1573      544      501
      523      508      563      482      561     1525
      518      522      516      509      560     1524
      524      525      555      470      561     1534
      561      483      536      518      513      512
      560     1537      514     1572      536   427733

     8925     4120      568     1506      565      478
      562      492      545      487      562     1524
      549      479      576      481      540      483
      561      492      545      501      539      497
      540      490      565     1540      545      491
      546      490      542      505      541     1514
      563      492      561     1516      566      492
      541      483      561      479      579     1508
      548      496      540      488      566     1519
      566      492      518      527      541   533111

     8929     4102      569     1498      540      517
      514      524      513      517      534     1545
      520      520      514      510      535      510
      532      509      535      522      514      518
      519      517      524     1564      500      508
      535      527      518      505      536     1560
      535      517      537     1550      535     1564
      513      531      514      522      514     1550
      524      504      535      524      513     1559
      536      509      534     1576      520   864507

     8906     4158      550     1497      558      505
      514      521      540      499      515     1548
      561      501      545      493      516      526
      513      511      561      501      518      518
      514      522      541     1536      545      491
      519      523      517      511      561     1555
      540     1532      536      527      518      510
      528      521      535      527      518     1556
      548      495      514      518      519     1558
      532     1556      535      522      514   595092

     8882     4135      570     1507      562      484
      535      513      558      487      562     1525
      560      500      545      493      544      478
      540      505      562      496      564      465
      560      497      539     1546      518      513
      562      501      519      517      519     1539
      564     1541      505      517      519     1550
      561      492      515      522      519     1549
      544      492      558      488      543     1515
      563     1510      544     1569      543   655133

     8932     4121      560     1504      566      499
      540      492      578      484      545     1520
      566      497      548      492      540      500
      545      479      566      500      540      483
      562      507      530     1545      549      501
      543      489      560      484      563     1523
      544     1537      555     1527      539      500
      545      484      561      491      544     1542
      544      498      547     1533      546      490
      544      502      543      493      539   927709

     8908     4133      591     1498      561      501
      544      479      563      496      545     1524
      542      492      521      525      540      483
      562      479      541      504      561      493
      543      480      541     1580      531      479
      536      522      540      493      536     1554
      550     1550      544     1542      505     1553
      519      504      559      496      544     1515
      540      505      562     1528      531      506
      513      509      534     1561      562