  2389048

     8928     4126      556     1529      545      497
      545      480      565      493      539     1524
      550      501      543      478      562      501
      542      497      541      501      540      492
      544      492      545      492      544      492
      540      496      541      479      566      478
      566     1555      530     1511      566     1523
      566      488      545      496      539      500
      545      491      545      481      562     1514
      566     1521      548     1537      543