  1430373

     8921     4139      526     1531      561      485
      560      488      561      484      562     1519
      568      481      561      493      545      478
      562     1536      541     1532      540      497
      540      483      557      492      562      480
      561      498      539      482      562      501
      540      492      544      501      544      493
      544      479      563     1528      541      496
      554     1527      545      495      540      496
      540      484      561     1529      539