  1429289

     8928     4131      558     1503      558      505
      543      490      559      501      544     1519
      567      500      545      492      544      497
      559      470      559      501      544      480
      561      492      544     1550      544      500
      545     1536      567     1543      531      491
      538      484      561     1529      541     1553
      545      478      562     1547      545      490
      545     1532      546      489      565      493
      541     1518      564     1530      540  1029009

     8926     4110      591     1497      566      488
      548      488      544      480      566     1549
      537      474      544      501      543      481
      564      480      565      479      562      492
      544      479      566     1538      548      492
      554     1532      543     1553      542      484
      558     1524      565      493      544      492
      544      498      547     1519      568      487
      544     1537      545      499      545     1533
      544      492      544      502      543   322801

     8916     4106      576     1486      564      490
      549      485      545      492      544     1532
      548      497      541      495      544      501
      544      479      566      496      559      479
      543      492      543     1529      554      486
      548     1546      549     1523      548      509
      532     1511      570      496      545     1536
      544      492      544     1526      547      487
      571     1534      547      488      561     1524
      566      488      543     1547      526   341438

     8925     4105      572     1498      565      501
      544      480      565      484      548     1532
      541      500      545      479      562      493
      543      488      566      479      581      469
      565      479      562     1533      579      467
      561     1527      544     1508      569      492
      544     1516      561     1530      546      499
      545      473      571     1541      545      478
      566     1523      545      492      545     1534
      553     1535      544      500      540   320405

     8933     4112      571     1503      558      506
      542      478      566      492      544     1521
      547      501      545      487      565      488
      549      479      562      492      548      475
      566      492      549     1536      544      479
      566     1541      544     1515      563      492
      562     1510      566     1542      548     1533
      544      492      542     1535      564      465
      562     1539      549      488      543     1547
      553     1511      566     1536      536   298191

     8936     4089      578     1497      567      500
      544      475      566      493      544     1528
      545      514      527      482      561      493
      544      488      571      474      562      487
      566      479      561     1532      562      484
      574     1517      540     1518      561     1543
      543      496      541      501      545      482
      562      499      543     1545      543      479
      562     1530      543     1523      563      497
      538      484      562      494      543   322576

     8928     4076      591     1498      561      501
      547      477      565      493      540     1527
      544      502      543      480      565      492
      539      493      561      479      566      485
      566      484      559     1533      561      481
      564     1524      545     1511      570     1554
      533      491      544      500      545     1520
      566      488      558     1549      544      480
      561     1550      532     1541      544      488
      548      501      541     1528      544   278938

     8929     4147      568     1529      545      491
      544      491      544      480      560     1528
      545      525      520      479      561      497
      542      482      561      492      544      488
      550      492      539     1524      548      492
      544     1528      540     1550      541     1532
      558      488      561     1527      546      492
      539      501      544     1546      527      520
      520     1536      544     1528      544      493
      545     1549      545      492      545   320787

     8956     4084      578     1498      560      500
      545      491      544      479      585     1506
      544      500      544      491      557      496
      544      491      544      501      544      488
      549      487      545     1537      536      498
      548     1523      544     1524      562     1550
      548      488      547     1548      544     1537
      544      501      544     1550      544      479
      564     1548      541     1532      544      501
      544     1528      566     1527      547   318679

     8908     4111      596     1486      567      490
      544      492      544      480      560     1528
      545      493      543      501      544      488
      556      481      561      479      566      491
      545      479      561     1541      549      479
      561     1535      548     1558      535     1529
      566     1541      547      486      565      492
      544      496      545     1545      538      500
      543     1511      567     1532      548     1511
      592      453      566      496      536   362232

     8904     4109      565     1499      568      486
      548      496      536      494      543     1532
      549      496      544      492      545      503
      543      478      561      501      544      492
      555      482      547     1539      540      491
      545     1550      544     1524      552     1541
      547     1514      566      479      568     1530
      544      492      545     1543      543      491
      543     1531      548     1532      548     1511
      567      491      546     1545      549   339717

     8926     4113      586     1502      565      488
      545      492      544      480      565     1520
      552      490      542      501      544      479
      566      479      566      479      561      492
      546      474      570     1541      544      479
      578     1521      544     1549      545     1533
      564     1542      544     1533      554      491
      544      521      515     1523      549      497
      544     1525      565     1526      557     1511
      549     1522      549      488      544   339392

     8932     4125      568     1520      575      471
      543      483      562      500      544     1519
      567      492      544      491      545      500
      540      484      561      504      533      487
      563      491      544     1529      544      492
      544     1520      549     1538      555     1511
      549     1532      544     1522      551     1541
      544      479      567     1521      566      499
      542     1536      544     1525      548     1523
      545     1579      512     1533      561