  1117819


     8939     4120      568     1524      548      479
      566      487      545      516      530     1523
      562      491      545      498      548      486
      567      487      562      501      545      487
      561      488      563     1519      544      490
      546     1537      544     1541      544      487
      566      480      561     1525      548     1527
      545      496      544     1528      544      492
      545      492      545      478      562      516
      530     1514      565      492      540  1194226

     8921     4098      579     1503      561      500
      544      480      561      496      540     1530
      544      500      563      460      561      497
      539      484      570      479      561      493
      562      479      561     1532      566      479
      562     1525      548     1517      560      497
      542     1513      562      497      540      496
      537      504      544     1538      548      491
      545      487      563      482      562      488
      562     1520      570     1528      554   530722

     8898     4113      560     1529      560      506
      540      479      558      500      540     1543
      531      500      539      484      561      497
      541      487      561      499      547      492
      557      484      561     1546      549      482
      562     1529      539     1518      565      492
      545     1515      561      510      529     1527
      536      500      540     1536      545      487
      562      496      540      492      536     1563
      550      490      545      500      540   322357

     8939     4127      570     1500      559      501
      543      492      541      496      541     1512
      569      492      540      496      541      483
      561      493      559      503      540      493
      553      509      540     1525      560      505
      540     1529      543     1556      527      505
      543     1516      562     1537      540      497
      541      496      540     1533      559      468
      562      491      557      484      563     1533
      562      483      593     1497      540   238363

     8945     4098      579     1497      560      508
      539      485      560      492      518     1556
      539      505      541      483      558      500
      533      496      561      483      558      492
      561      484      557     1532      541      505
      561     1525      549     1516      562      495
      540     1516      563     1523      549     1546
      539      496      550     1546      538      497
      539      502      541      483      562     1528
      544     1537      553      492      540   299641

     8923     4132      566     1524      548      481
      560      497      539      501      544     1538
      549      491      568      477      543      489
      561      492      562      500      540      492
      563      491      540     1550      531      493
      543     1537      542     1545      544     1537
      566      488      544      505      542      494
      541      492      556     1525      565      501
      540      484      562      501      543     1533
      546     1527      546     1514      561   259143

     8930     4113      580     1500      565      501
      539      499      538      484      561     1528
      541      505      536      487      561      501
      540      497      539      501      544      493
      555      483      538     1524      548      501
      539     1533      540     1524      562     1570
      553      468      539      506      540     1524
      561      496      540     1529      544      492
      540      506      554     1506      561      478
      562      506      539      492      558   301693

     8900     4147      588     1501      561      501
      518      505      563      495      540     1534
      544      483      562      496      539      487
      556      495      540      505      539      497
      540      487      559     1549      540      497
      539     1528      560     1514      544     1533
      544      498      538     1524      562      501
      544      492      544     1539      548      483
      557      496      542     1545      544      492
      542      494      541     1533      564   280168

     8895     4145      546     1502      565      506
      540      491      560      504      538     1525
      540      505      562      495      538      486
      562      492      539      493      561      483
      562      488      561     1524      563      492
      543     1529      544     1528      540     1537
      544      497      537     1541      548     1546
      539      484      561     1529      545      478
      559      508      540     1525      574      489
      517     1555      539      498      540   299850

     8955     4108      565     1506      561      506
      539      483      563      492      539     1533
      537      508      540      488      561      496
      540      484      561      492      547      476
      561      502      546     1544      532      514
      529     1555      531     1519      562     1531
      565     1516      561      496      541      496
      540      496      541     1525      556      488
      557      505      539     1521      561      488
      562     1537      540     1529      544   320733

     8897     4160      567     1502      560      493
      544      492      540      484      561     1528
      548      489      537      509      539      484
      561      483      558      484      561      496
      540      484      557     1543      548      482
      559     1535      545     1553      540     1532
      562     1544      547      482      557     1547
      544      492      557     1544      542      487
      556      504      541     1537      545     1549
      529      504      540      500      541   320733

     8947     4115      561     1497      566      501
      544      493      543      492      541     1536
      544      492      544      501      541      504
      540      483      561      492      562      484
      544      487      561     1555      539      506
      540     1540      561     1528      545     1550
      528     1515      564     1529      540      496
      539      506      540     1515      576      483
      535      488      560     1533      562     1519
      561      493      539     1554      546   402660

     8947     4105      571     1497      561      500
      545      492      544      495      538     1532
      540      493      543      501      544      479
      562      483      562      492      545      501
      539      497      553     1520      544      505
      539     1546      545     1528      566     1534
      570     1528      549     1528      540     1547
      543      487      563     1538      544      483
      571      484      540     1535      545     1537
      536     1550      540      484      561