  4126680

     8929     4124      569     1513      554      495
      544      484      561      501      544     1519
      567      492      544      488      549      496
      545      481      564      493      543      488
      561      492      544     1528      545      494
      546     1521      544     1537      544      492
      544      492      544     1529      549     1544
      528      478      562      492      544      493
      543      480      565     1520      553     1541
      544     1537      535      492      544  1050746

     8965     4116      559     1496      567      500
      545      488      560      500      545     1523
      562      500      546      491      543      501
      544      479      562      501      544      478
      566      494      545     1548      545      497
      548     1536      568     1523      544      491
      544     1539      543      506      543      493
      544      493      543      479      561      493
      544      491      545     1545      559     1497
      565     1541      545     1515      566   466774

     8940     4123      567     1525      553      479
      560      493      544      501      543     1520
      566      492      544      500      538      495
      561      488      561      500      544      488
      580      476      543     1536      546      487
      549     1531      545     1541      548      488
      563     1527      550      495      540     1528
      544      492      544      501      545      487
      561      488      566      500      550      479
      565      493      545      490      541   449283

     8955     4120      574     1527      544      479
      567      491      559      482      548     1515
      571      491      544      496      545      492
      561      488      562      500      544      488
      565      501      533     1536      544      491
      545     1534      543     1541      545      493
      560     1529      553     1523      544      484
      562      501      543      503      530      500
      545      487      565      496      544      493
      563      491      544     1533      545   448694

     8914     4147      569     1528      540      495
      545      491      564      460      566     1524
      544      492      544      492      544      493
      544      497      548      478      562      491
      546      486      568     1510      567      490
      546     1519      553     1524      543      492
      544     1539      534     1520      553     1532
      544      501      543      480      561      493
      543      480      566      491      555      484
      542     1533      545      490      544   426637

     8948     4123      563     1505      566      496
      549      475      566      492      543     1528
      544      491      545      491      544      487
      549      497      557      475      565      496
      548      484      565     1541      552      486
      562     1528      565     1532      550     1533
      544      492      544      507      531      493
      542      493      548      483      562      501
      543      479      561      492      546      477
      567     1532      558     1524      543   406871

     8942     4108      573     1493      565      500
      545      483      562      491      544     1524
      545      503      542      491      544      484
      562      487      561      500      545      488
      561      504      541     1523      566      500
      537     1532      544     1541      544     1545
      544      479      562      493      544     1559
      530      478      562      504      541      483
      562      478      565      493      540     1536
      545      492      544      479      579   386005

     8939     4109      579     1533      530      499
      545      479      563      496      551     1521
      566      487      545      491      545      500
      557      466      566      492      553      479
      561      495      541     1524      548      492
      544     1524      544     1533      548     1527
      545      492      543     1525      547      487
      545      488      548      492      544      502
      544      478      561      493      544     1533
      564      480      579     1532      546   405963

     8913     4130      568     1528      545      476
      570      492      543      495      550     1511
      565      480      565      488      548      488
      570      467      544      491      559      478
      544      489      547     1524      545      491
      545     1519      553     1542      543     1546
      549      479      565     1521      553     1523
      543      501      541      487      544      500
      544      481      565      484      565     1517
      570     1527      545      491      544   404907

     8918     4110      566     1500      571      478
      567      485      546      488      566     1532
      548      479      562      497      548      499
      546      478      563      490      546      501
      543      479      577     1513      548      492
      541     1532      544     1529      544     1533
      548     1537      550      477      566      488
      544      500      545      479      566      492
      544      479      561      489      549     1540
      532     1540      544     1529      544   404784

     8905     4143      590     1497      565      501
      544      479      561      493      544     1521
      553      490      544      497      544      482
      563      478      566      479      563      491
      544      480      565     1541      562      466
      560     1533      549     1550      544     1524
      570     1540      549      491      550     1524
      565      496      544      498      547      479
      565      492      544     1550      544      501
      558      465      561      488      566   551437

     8924     4125      564     1506      566      496
      567      466      565      501      544     1519
      566      492      545      497      547      487
      544      501      542      491      566      510
      531      486      566     1520      566      491
      545     1529      549     1545      544     1526
      552     1527      544     1521      553      479
      565      482      568      486      566      487
      544      506      531     1524      544      501
      548      488      544     1537      544   446313

     8956     4084      590     1493      562      501
      543      482      560      491      545     1528
      544      497      548      493      543      479
      562      487      566      501      539      493
      578      485      543     1516      571      500
      544     1523      545     1541      548     1557
      525     1520      560     1531      542     1537
      545      487      562      494      542      479
      580      484      543     1536      545      493
      543     1541      546      488      547