   857878

     8905     4118      532     1536      558      504
      541      491      558      506      539     1524
      563      482      561      496      541      482
      558      497      537      495      561      484
      562      487      563     1523      562      497
      539     1526      551     1527      540      493
      540      497      539     1529      544     1525
      544      505      540      483      557     1546
      545      491      540      505      541      496
      537      495      545      491      541   739913

     8911     4110      567     1514      558      484
      558      497      538      488      566     1530
      538      483      563      497      539      479
      576      482      540      501      541      496
      544      487      561     1547      540      496
      540     1528      545     1525      543      497
      541     1539      555      483      560      493
      544      492      544      488      545     1551
      521      496      540      501      544      480
      561      496      540     1542      544   489724

     8891     4153      558     1508      567      478
      561      493      561      483      557     1524
      541      523      544      496      540      483
      562      479      561      506      540      483
      558      496      540     1542      548      488
      562     1537      552     1521      539      492
      546     1524      544      505      540     1536
      540      497      541      509      526     1576
      510      495      541      505      540      488
      561     1524      563      496      541   322663

     8962     4121      567     1524      549      480
      561      496      540      501      545     1523
      563      492      544      501      515      518
      560      488      562      505      540      492
      558      498      538     1538      544      488
      544     1537      544     1546      539      492
      563     1516      557     1532      544      480
      560      506      540      492      544     1546
      539      493      558      483      562      504
      551     1522      562     1529      544   279837

     8907     4116      565     1507      561      485
      561      491      554      488      561     1524
      562      504      542      491      544      484
      557      483      562      517      529      478
      561      498      540     1546      540      492
      563     1536      539     1526      561      479
      544     1528      540     1537      545     1541
      544      501      545      479      562     1557
      533      478      561      505      540     1512
      565      497      540      496      540   279991

     8906     4144      587     1497      562      505
      540      484      561      492      540     1538
      540      483      561      493      545      483
      561      492      544      501      541      497
      539      492      557     1542      549      491
      540     1548      527     1528      518     1560
      544      496      540      488      561      497
      540      483      563      512      528     1532
      537      504      545      487      562     1545
      541      491      562     1524      575   301830

     8900     4118      570     1506      561      484
      557      496      541      506      543     1542
      540      484      561      492      545      491
      541      504      541      491      562      526
      515      492      576     1531      539      492
      563     1532      562     1533      543     1537
      546      492      541      494      536     1537
      540      496      536      497      543     1530
      539      496      540      505      540     1546
      549     1519      566      495      541   279948

     8918     4125      577     1519      549      500
      540      497      541      482      562     1525
      543      501      541      483      562      500
      545      492      545      501      539      498
      539      494      543     1524      549      500
      541     1527      545     1524      558     1558
      581      456      539     1546      541      496
      539      492      562      500      541     1530
      548      496      540      482      562     1533
      562     1516      565     1525      545   299896

     8930     4126      566     1497      561      505
      540      492      561      501      540     1525
      566      501      538      497      540      505
      539      484      557      505      541      483
      562      491      541     1554      544      501
      536     1546      561     1529      581     1500
      539      484      561     1537      540     1559
      532      483      554      499      541     1516
      564      493      540     1529      564      489
      557      484      545      483      561   363144

     8905     4136      587     1501      559      496
      540      496      540      483      557     1530
      544      496      540      501      544      479
      562      484      562      492      539      505
      540      494      543     1537      540      504
      541     1546      540     1548      544     1545
      561     1520      562      492      540      504
      542      496      539      508      529     1552
      525      495      540     1534      561      483
      562      502      539     1521      570   342509

     8920     4152      550     1522      567      502
      539      482      558      497      539     1541
      529      495      541      505      540      492
      546      500      539      492      569      503
      533      492      561     1532      555      491
      544     1548      532     1544      540     1520
      561     1536      537      495      538     1546
      540      492      557      505      541     1537
      540      496      542     1559      535      496
      539     1520      561      492      541  1212694

     8933     4111      565     1536      537      491
      545      479      561      497      539     1537
      541      484      561      499      537      497
      540      483      557      497      540      496
      540      483      562     1546      549      492
      544     1517      562     1528      540     1534
      550     1526      540     1532      541      501
      544      500      540      483      562     1535
      542      496      541     1533      561      483
      562     1542      523     1559      544   423497

     8942     4096      586     1488      545      526
      540      484      561      491      545     1530
      540      505      539      492      549      510
      527      492      561      483      558      492
      562      484      558     1537      581      460
      561     1528      559     1502      561     1545
      540     1529      545     1515      561     1533
      542      494      540      496      540     1551
      545      483      535     1551      561     1547
      539      494      542      491      545