  2100701

     8946     4130      559     1536      544      478
      561      496      541      497      547     1524
      561      483      562      492      539      497
      542      504      553      479      552      509
      540      493      560     1545      541      493
      561      483      558     1556      524     1552
      526      495      541      483      561     1545
      541      483      561      489      548      500
      540      483      575      484      540      484
      556     1533      541      503      536   970788

     8864     4178      577     1515      549      496
      540      495      540      484      562     1528
      539      492      545      505      541      482
      562      479      562      496      541      502
      543      491      541     1533      548      500
      544      492      540     1537      543     1539
      544      480      556      501      539     1554
      540      483      562      492      544     1541
      528      501      546      481      561     1533
      561      485      556      496      540   760897

     8907     4157      558     1533      539      484
      561      496      538      491      561     1537
      544      483      557      507      539      497
      539      501      544      476      565      505
      539      484      561     1529      539      497
      540      500      553     1530      549     1527
      541      497      539      483      561     1529
      540      492      557     1555      527      496
      540      483      561      492      545     1529
      539     1542      548      491      553  2132652

     8906     4116      538     1533      560      484
      562      487      563      482      562     1523
      563      483      561      497      541      482
      557      496      537      496      562      482
      558      487      567     1523      561      497
      540      504      540     1533      544     1519
      562      492      556      481      540     1532
      541      488      566     1545      539      492
      557     1533      540      508      529     1524
      547     1546      540     1528      543