  1829562

     8929     4122      563     1512      560      500
      545      479      562      496      539     1529
      540      505      544      487      565      494
      540      483      561      492      544      479
      562      501      545     1533      543     1517
      564      490      546      501      540      485
      560      500      545      475      566     1554
      539      484      561      501      544     1515
      564      496      536     1540      543     1528
      541     1537      543     1529      549   946618

     8926     4117      564     1536      539      494
      539      484      562      492      545     1536
      540      481      566      492      559      477
      540      484      561      492      544      492
      544      480      561     1551      544     1537
      544      513      528      482      562      492
      557      493      561     1542      544      491
      562      479      561      497      539     1533
      564      492      561      489      548      478
      561      505      540      492      544   534148

     8936     4111      566     1498      565      500
      520      505      560      497      540     1531
      537      506      539      484      563      491
      544      487      561      484      562      492
      557      483      562     1546      545     1519
      561      497      539      484      561      501
      544      492      540     1543      548     1528
      549      483      562      491      545     1528
      541      505      540      482      558      492
      561      485      560     1546      550   614874

     8947     4110      585     1519      540      496
      539      483      562      493      544     1534
      543      483      562      492      519      516
      544      481      561      496      540      497
      540      483      554     1559      539     1537
      544      501      540      502      543      492
      561     1520      566      500      540      496
      540      497      540      492      558     1546
      544      481      561      498      539      496
      541     1546      539      483      563   553446

     8929     4130      556     1527      544      492
      541      483      561      496      540     1540
      533      491      546      491      540      504
      540      484      557      497      543      489
      561      496      540     1528      558     1516
      538      480      566      491      544      493
      545     1514      561      497      539     1529
      541      504      540      483      562     1554
      540      496      540      492      544      492
      540     1550      549     1532      537   551372

     8911     4119      557     1509      562      504
      554      479      561      501      539     1533
      561      495      543      504      540      484
      561      479      561      497      539      501
      520      517      540     1534      547     1537
      541      505      539      493      543      498
      535     1545      541     1534      538      496
      541      501      544      492      545     1515
      562      500      545      479      575     1533
      540      497      538      505      541   490268

     8921     4151      581     1498      558      505
      544      482      562      492      539     1542
      539      484      562      492      519      505
      560      496      541      514      505      518
      514      518      561     1546      540     1537
      540      497      518      526      540      483
      576     1533      539     1515      565     1526
      544      491      561      492      545     1568
      520      495      539      492      545     1525
      543      495      540     1529      561   508931

     8899     4121      576     1477      571      491
      540      496      541      498      538     1538
      538      506      539      492      546      513
      531      479      561      505      540      492
      544      495      542     1537      537     1531
      544      501      529      494      562     1537
      544      487      562      506      537      491
      561      496      540      506      539     1524
      563      495      541      495      541     1519
      565     1537      518      519      540   510811

     8929     4121      567     1503      562      505
      542      481      562      492      541     1532
      540      505      540      487      562      497
      540      483      562      491      545      479
      562      500      544     1534      544     1533
      548      492      541      504      540     1515
      562      507      538      492      561     1546
      541      500      558      467      561     1546
      539      497      540      497      541     1515
      561     1533      540     1544      543   488205

     8927     4131      522     1553      533      502
      541      497      538      496      540     1553
      529      491      541      504      540      502
      544      484      556      496      541      505
      539      492      558     1555      556     1524
      551      499      543      492      540     1533
      539      497      539     1537      545      494
      546      505      539      484      557     1545
      545      483      557     1529      545      495
      541      482      562      489      552   510946

     8934     4124      555     1522      539      505
      540      483      562      518      527     1524
      561      499      538      492      543      501
      540      483      562      496      540      492
      557      497      547     1527      539     1527
      544      483      558      496      540     1537
      572      481      535     1536      543     1536
      540      498      538      484      561     1572
      514      483      561     1539      531      495
      540      508      538     1524      561   508746

     8918     4086      556     1523      563      504
      550      473      562      492      539     1535
      539      496      541      500      544      479
      562      496      540      483      562      500
      533      498      539     1536      543     1537
      541      504      540      483      563     1534
      569     1524      561      483      562      491
      541      496      540      504      540     1540
      539      504      540     1523      555      503
      541     1537      544      521      512   510255

     8901     4115      539     1535      560      482
      562      520      530      482      563     1523
      561      505      541      497      539      483
      572      470      562      501      544      483
      557      497      541     1545      539     1529
      536      517      537      522      528     1527
      544     1528      540      505      540     1537
      540      496      541      496      540     1547
      540      496      540     1546      539      493
      544     1528      535     1559      576   528802

     8935     4075      583     1497      537      530
      540      483      561      492      520     1553
      540      500      537      505      539      483
      536      518      514      509      562      493
      544      492      544     1537      540     1551
      506      525      540      483      559     1536
      561     1533      561     1519      536      525
      543      504      537      500      540     1536
      558      500      544     1524      561     1526
      538      502      539      498      539   509204

     8911     4120      532     1532      562      520
      525      493      557      505      554     1511
      561      483      562      496      540      483
      558      496      540      492      562      483
      558      491      562     1537      550     1527
      541      496      540      496      540     1538
      544     1528      552     1513      565     1545
      540      483      557      497      540     1529
      545      491      544     1531      542     1522
      565      492      540     1538      545