  2195726

     8926     4169      561     1498      565      504
      541      505      535      496      540     1543
      535      509      536      498      535      508
      536      500      536      505      540      497
      540      513      536     1550      536     1538
      542      498      535      509      537      505
      539      505      536      509      536     1546
      541      508      536     1548      521      509
      535      505      541      504      536      502
      531      514      536     1524      561   928948

     8897     4161      548     1529      555      510
      535      505      541      496      536     1529
      545      495      540      506      535      502
      535      505      540      513      535      510
      537      513      531     1533      558     1541
      540      496      544      502      535      501
      536      502      544     1540      535      510
      537      494      541     1555      540      511
      520      498      539      500      536      505
      540     1533      536      508      536   428638

     8923     4135      560     1543      526      504
      540      505      536      509      536     1524
      561      494      544      496      539      505
      537      522      523      496      540      513
      536      497      540     1530      539     1533
      539      505      536      501      549      488
      535      505      540     1542      544     1533
      536      509      536     1524      562      500
      538      547      497      504      537      501
      536     1519      562     1524      562   447495

     8923     4115      534     1539      560      508
      536      505      541      496      536     1536
      536      509      536      513      536      500
      535      509      552      485      532      509
      535      509      536     1541      540     1515
      561      501      535      502      545      519
      521     1549      541      505      534      510
      535      514      537     1553      544      496
      540      505      548      497      535     1525
      561      500      536      509      533   449889

     8920     4135      529     1531      564      508
      536      514      535      509      537     1527
      558      509      560      477      535      505
      536      501      549      505      535      505
      536      519      535     1523      558     1538
      535      501      535      501      536      513
      525     1532      536      497      539     1541
      540      505      536     1541      541      497
      548      488      536      500      537     1532
      539      497      536     1528      562   426542

     8924     4133      557     1531      536      529
      522      504      535      505      540     1524
      561      496      541      496      540      502
      539      509      535      497      541      514
      535      496      541     1534      535     1529
      545      504      536      500      536      501
      536     1529      548     1533      536      501
      541      496      535     1541      540      497
      535      501      536      514      523     1529
      566     1519      562      495      536   468331

     8927     4130      529     1535      563      513
      533      504      536      500      536     1532
      541      504      540      514      535      498
      539      505      541      496      554      491
      536      504      540     1542      535     1516
      566      497      534      509      535      510
      537     1563      522     1519      562     1533
      535      511      534     1533      536      509
      538      511      540      501      540     1529
      556     1547      535     1524      561   445225

     8919     4116      535     1538      561      505
      539      515      534      506      540     1520
      566      504      536      501      535      510
      535      497      540      513      538      523
      522      515      533     1525      561     1532
      541      497      539      497      535     1538
      559      482      540      504      536      510
      536      504      536     1538      536      509
      533      517      535     1526      561      509
      535      497      540      496      537   408228

     8894     4114      540     1524      561      501
      536      496      536      515      526     1536
      540      506      540      496      536      509
      536      505      539      506      535      501
      536      497      540     1542      535     1533
      540      505      536      505      540     1541
      537      517      536      505      537     1529
      559      506      532     1545      541      495
      536      518      537     1553      541      519
      526      504      534     1535      562   467938

     8866     4167      562     1522      562      500
      536      500      540      517      525     1531
      536      501      535      506      539      505
      541      504      536      510      535      496
      541      505      548     1538      539     1525
      561      496      536      505      540     1515
      566      505      535     1534      549      504
      536      500      533     1546      538      505
      536      509      537     1550      544      509
      535     1520      565      497      541   468692

     8874     4163      581     1502      561      496
      540      493      546      502      536     1532
      541      496      536      509      536      509
      535      507      540      503      536      500
      536      503      543     1545      539     1525
      561      501      535      506      539     1516
      561      510      548     1499      566     1537
      544      504      536     1542      540      504
      536      509      537     1564      519      504
      536     1524      561     1533      561   487167

     8919     4129      561     1503      561      507
      534      517      536      504      541     1519
      567      504      540      495      537      509
      536      509      536      505      554      491
      536      498      538     1554      540     1550
      536      509      535      497      540     1542
      532     1540      537      499      535      505
      536      501      535     1524      558      513
      536      510      535     1536      532     1532
      541      505      540      496      537   447606

     8921     4135      564     1537      535      506
      540      495      540      505      536     1529
      560      497      536      509      535      514
      533      522      536      504      539      516
      534      501      537     1540      535     1537
      532      509      540      505      536     1532
      554     1528      535      501      536     1537
      541      501      535     1524      563      508
      536      514      523     1515      562     1527
      562      497      535     1529      560   487233

     8924     4116      539     1537      558      508
      536      514      540      505      533     1529
      560      506      540      496      541      505
      535      509      537      505      541      548
      492      500      536     1551      535     1523
      563      501      535      509      535     1545
      525     1536      535     1542      540      505
      535      501      536     1534      542      502
      534      511      535     1546      541     1540
      533     1562      539      496      537   591375

     8912     4097      577     1506      561      505
      536      509      536      496      541     1546
      523      504      541      506      534      501
      535      518      537      504      535      518
      536      506      535     1534      566     1516
      561      500      535      506      535     1542
      540     1512      566     1561      529     1531
      536      500      536     1543      539      504
      536      501      536     1572      525     1547
      540     1512      566     1549      536