  2389226

     8929     4104      565     1497      561      505
      557      481      540      496      551     1518
      539      496      541      504      541      484
      556      484      561      497      539      501
      543      494      540     1537      540     1542
      541      503      541      491      542      491
      544      482      563      511      525     1524
      561      484      561      483      558      496
      540      496      541     1533      561     1560
      525      482      563     1532      532   949130

     8900     4138      588     1501      561      504
      555      469      557      496      538     1544
      539      483      558      496      539      484
      562      496      536      505      540      510
      523      496      557     1550      539     1537
      540      496      541      505      539      491
      550      505      554     1502      561      496
      541      482      562      484      557      488
      559      495      541     1515      561     1533
      548     1514      562      505      537   427947

     8928     4113      566     1505      567      500
      539      484      575      484      538     1525
      544      505      539      492      562      492
      540      483      562      497      540      479
      561      519      523     1545      539     1515
      562      497      539      506      539      479
      563      503      541     1528      549     1531
      540      483      562      501      540      493
      561      497      540     1529      539     1538
      553     1514      562     1534      544   487896

     8842     4179      553     1521      565      496
      555      482      539      483      562     1529
      540      497      541      505      538      485
      556      484      562      483      557      512
      525      483      562     1545      540     1521
      565      495      541      505      540      483
      557     1560      541      491      540      501
      544      484      561      492      540      505
      540      484      561      497      540      487
      562      483      592      463      556   472366

     8947     4122      559     1495      569      507
      537      494      540      497      540     1515
      561      497      540      496      537      487
      557      493      560      505      540      491
      561      503      541     1527      559     1541
      545      496      540      483      562      495
      535     1559      524      496      539     1537
      541      496      540      491      562      505
      535      485      561      496      541      511
      517      500      540     1541      539   449170

     8849     4167      581     1497      568      492
      540      497      541      482      563     1524
      544      496      540      505      540      483
      559      482      562      484      556      498
      555      469      561     1546      540     1524
      562      496      540      505      540      485
      557     1567      529     1532      540      496
      537      496      539      497      540      483
      559      500      537      491      561      483
      559     1542      560      484      562   490711

     8925     4127      559     1503      567      504
      541      482      562      496      535     1533
      541      505      540      487      560      500
      539      484      558      495      541      483
      562      504      536     1542      541     1510
      567      495      542      504      540      484
      557     1560      530     1511      565     1533
      535      506      540      495      541      505
      540      483      557      519      552      458
      561     1527      541     1533      539   468540

     8902     4149      580     1499      581      491
      538      483      557      497      540     1541
      536      483      563      493      543      484
      557      495      541      505      541      495
      541      490      559     1546      540     1540
      541      496      536      510      534     1537
      546      504      536      492      558      509
      536      483      562      496      540      496
      536      501      535      484      563     1555
      522      496      541      504      540   470876

     8944     4095      581     1499      565      505
      539      484      556      496      540     1530
      544      505      536      482      558      501
      539      492      557      489      555      494
      561      483      558     1532      562     1516
      566      495      540      484      557     1555
      527      483      557      496      537     1545
      535      493      561      505      540      488
      562      496      540      483      573     1522
      545      492      557     1550      540   489980

     8904     4136      557     1544      546      504
      540      484      555      500      538     1542
      542      481      558      496      540      484
      561      497      538      526      516      497
      539      493      557     1550      536     1542
      540      497      539      502      540     1516
      566      505      535     1524      565      497
      536      496      536      509      541      491
      558      500      549      470      562     1540
      537     1528      557      501      535   407051

     8924     4134      555     1503      558      508
      555      479      555      506      539     1524
      562      505      540      496      536      535
      510      484      562      504      536      523
      523      496      539     1555      540     1542
      544      504      541      496      536     1533
      554      483      539     1539      534     1529
      562      502      535      505      540      506
      532      512      536      496      543     1548
      545     1544      540     1520      562   487951

     8902     4116      566     1507      558      510
      538      492      558      506      537     1528
      561      484      557      497      540      483
      562      496      541      503      548      485
      560      491      556     1525      561     1534
      540      497      536      496      541     1551
      526     1532      542      482      558      496
      540      497      540      484      553      505
      535      497      541     1527      550      504
      542      495      540      496      536   512138

     8895     4128      572     1495      565      500
      537      496      563      500      539     1533
      564      497      539      505      540      497
      546      478      566      492      539      505
      542      497      538     1538      540     1537
      540      505      555      483      539     1537
      541     1524      562      497      539     1535
      545      495      540      483      559      501
      534      493      561     1524      562      497
      540      500      541     1524      561   489287

     8901     4138      523     1537      561      504
      541      487      562      505      540     1520
      567      482      577      482      536      483
      561      496      541      491      558      484
      557      496      562     1524      561     1529
      540      496      539      497      539     1535
      543     1532      540     1525      561      505
      540      485      558      503      534      496
      540      504      541     1524      561      497
      536     1560      535      504      558   510093

     8915     4146      539     1511      561      505
      541      483      566      505      541     1536
      549      483      561      498      534      483
      562      496      536      497      557      483
      561      492      562     1538      548     1529
      539      496      539      498      540     1540
      537     1533      540     1536      550     1546
      543      483      557      497      540      496
      540      506      540     1516      568      499
      541     1524      560     1536      542