  5723416

     8898     4143      542     1515      552      482
      561      492      562      479      561     1527
      561      503      540      497      548      476
      535      505      562      504      541      479
      562      497      541     1545      540     1527
      561      499      535      505      539      496
      540      501      542      495      539     1529
      544      492      540     1546      547      488
      552     1547      543      491      540      505
      540     1524      562      505      540   656678

     8897     4118      564     1502      557      496
      536      500      540      493      545     1536
      539      506      541      490      545      500
      545      479      578      486      542      492
      544      492      544     1532      545     1528
      544      497      548      479      561      497
      544      490      542     1515      561      497
      540      492      541     1559      538      501
      544     1531      547      504      539      492
      545     1525      548     1527      541   364253

     8934     4107      566     1528      545      491
      542      486      557      496      557     1523
      543      479      561      497      539      497
      540      480      562      495      540      497
      539      483      562     1569      526     1536
      590      456      539      483      562      492
      557      493      561     1547      539     1535
      557      504      544     1537      540      496
      540     1515      561      497      541     1548
      529      496      540      485      560   364378

     8901     4128      531     1536      561      480
      565      493      558      482      561     1525
      561      505      540      507      530      483
      557      484      562      500      544      480
      561      497      539     1546      541     1527
      573      482      543      500      540      496
      541     1538      539      496      540      484
      561      480      565     1552      525      496
      539     1520      557      483      561     1526
      548      491      545     1545      540   364063

     8947     4118      558     1502      561      502
      545      491      544      491      541     1532
      540      496      542      499      544      484
      553      487      563      491      559      487
      540      496      539     1538      540     1536
      545      502      540      496      540      497
      540     1538      549      495      540     1542
      544      504      541     1515      561      497
      541     1541      532      490      538     1554
      540     1514      562      497      539   363161

     8890     4120      561     1501      578      477
      543      495      540      497      536     1539
      545      490      540      504      541      491
      559      491      561      506      540      487
      563      496      538     1538      544     1536
      533      483      561      501      539      497
      540     1546      544     1515      562      505
      543      499      539     1521      562      495
      539     1526      561      505      536     1541
      556     1517      538     1516      562   362205

     8925     4118      541     1521      558      504
      544      492      540      497      540     1537
      544      491      541      505      540      518
      528      482      557      496      540      506
      539      492      557     1554      545     1541
      544      504      540      496      536      498
      540     1544      544     1538      536     1549
      544      483      557     1557      526      482
      557     1539      544     1535      518      505
      563      495      540      501      544   342453

     8897     4122      564     1511      562      482
      558      491      562      486      559     1520
      566      501      540      496      540      483
      562      483      558      505      539      484
      562      495      541     1546      540     1524
      561      496      540      505      540     1525
      544      496      540      515      523      495
      541      483      557     1532      540      496
      541     1538      539     1532      558      480
      539      484      557     1536      559   322665

     8949     4117      560     1501      561      506
      539      497      539      492      545     1515
      561      494      543      496      540      485
      560      486      562      505      540      487
      561      506      539     1521      566     1544
      545      493      542      486      556     1533
      540      496      537      495      544     1528
      540      496      539     1562      529      482
      557     1534      558     1543      540      497
      539     1529      545      491      584   363361

     8929     4107      565     1525      560      501
      521      515      540      483      562     1528
      542      504      539      483      562      501
      518      519      539      505      540      510
      528      490      520     1550      544     1536
      545      500      541      495      541     1533
      563      499      537     1554      540      484
      561      491      541     1554      544      488
      559     1532      541     1532      539      497
      540     1545      540     1535      547   382956

     8928     4125      564     1501      561      503
      538      492      561      501      544     1527
      558      500      545      493      540      504
      539      485      562      499      545      479
      561      497      541     1568      526     1541
      548      500      540      496      540     1528
      544      492      545     1536      538     1527
      540      516      541     1540      540      497
      540     1545      537     1550      549     1527
      561      492      546      491      539   362545

     8904     4124      540     1529      566      499
      544      488      562      505      540     1524
      562      484      560      492      517      507
      561      497      540      492      557      484
      561      492      558     1532      559     1525
      543      515      522      495      540     1537
      542     1531      540      480      566      491
      544      492      540     1534      547      496
      540     1537      581     1492      539     1538
      540      483      561     1553      525   362446

     8930     4122      559     1496      564      524
      522      495      539      497      539     1525
      562      500      545      489      542      506
      539      483      562      501      555      483
      538      496      541     1537      540     1530
      543      504      540      485      556     1542
      541     1523      558      509      539     1546
      540      496      541     1536      540      497
      540     1542      549     1533      560     1523
      562     1528      544      489      545   340518

     8921     4117      591     1498      560      502
      544      492      544      479      579     1526
      530      500      519      504      562      500
      545      492      518      527      540      496
      539      498      541     1526      541     1538
      543      501      518      518      540     1531
      564     1532      540     1528      559      466
      562      505      546     1509      562      495
      540     1524      561     1554      545     1527
      542     1528      544     1546      539   443172

     8927     4138      526     1531      558      509
      539      489      560      505      540     1533
      561      497      539      501      545      494
      551      479      563      494      540      501
      544      492      539     1537      544     1534
      545      503      540      496      542     1536
      544     1523      562     1533      544     1552
      530      495      540     1515      562      483
      562     1524      548      492      542      503
      554      479      561      500      540