  1600417

     8904     4156      523     1559      537      506
      537      518      505      544      502     1580
      531      505      506      534      533      504
      536      509      531      518      510      535
      510     1601      494      534      535      504
      505     1569      510     1576      509      534
      508      532      502      535      513     1571
      497      534      502     1589      528      508
      532      513      505     1577      534      507
      531      500      509     1563      505