  2840744

     8923     4144      521     1534      532      508
      532      505      558      491      559     1549
      531      483      576      470      535      509
      557      483      563      474      536      528
      517     1544      558      483      535      509
      562     1566      495     1533      536      511
      557      502      509      510      536     1574
      510      518      536     1572      541      500
      509     1567      535     1512      560      484
      531     1569      515      499      535